ab010000000000001
01900000657645260
01723658075615670
42130607647632870
23465012234806450
00000000897634340
55182468123764981
00010000361287360
13277657347647620
26136321637126870
77372871000000000
55182468123764981
00020000361287360
13277657347647620
26136321637126870
48163761773728710
55182468123764981
00030000361287360
77372871000000000
55182468123764981
00040000361287360
26136321637126870
48163761773728710
55182468123764981
00050000361287360
13277657347647620
13277657347647620
26136321637126870
77372871000000000
55182468123764981
00060000361287360
13277657347647620
26136321637126870
48163761773728710
55182468123764981
00070000361287360
77372871000000000
55182468123764981
00080000361287360
26136321637126870
48163761773728710
13277657347647620
13277657347647620
55182468123764981
00090000361287360
55182468123764981
00110000361287360
13277657347647620
26136321637126870
77372871000000000
55182468123764981
00120000361287360
13277657347647620
26136321637126870
48163761773728710
55182468123764981
00130000361287360
77372871000000000
55182468123764981
00140000361287360
26136321637126870
48163761773728710
55182468123764981
00150000361287360
13277657347647620
13277657347647620
26136321637126870
77372871000000000
55182468123764981
00160000361287360
13277657347647620
26136321637126870
48163761773728710
55182468123764981
00170000361287360
77372871000000000
55182468123764981
00180000361287360
26136321637126870
48163761773728710
13277657347647620
13277657347647620
55182468123764981
00190000361287360
55182468123764981
00210000361287360
13277657347647620
26136321637126870
77372871000000000
55182468123764981
00220000361287360
13277657347647620
26136321637126870
48163761773728710
55182468123764981
00230000361287360
77372871000000000
55182468123764981
00240000361287360
26136321637126870
48163761773728710
55182468123764981
00250000361287360
13277657347647620
13277657347647620
26136321637126870
77372871000000000
55182468123764981
00260000361287360
13277657347647620
26136321637126870
48163761773728710
55182468123764981
00270000361287360
77372871000000000
55182468123764981
00280000361287360
26136321637126870
48163761773728710
13277657347647620
13277657347647620
55182468123764981
00290000361287360
55182468123764981
00310000361287360
13277657347647620
26136321637126870
77372871000000000
55182468123764981
00320000361287360
13277657347647620
26136321637126870
48163761773728710
55182468123764981
00330000361287360
77372871000000000
55182468123764981
00340000361287360
26136321637126870
48163761773728710
55182468123764981
00350000361287360
13277657347647620
13277657347647620
26136321637126870
77372871000000000
55182468123764981
00360000361287360
13277657347647620
26136321637126870
48163761773728710
55182468123764981
00370000361287360
77372871000000000
55182468123764981
00380000361287360
26136321637126870
48163761773728710
13277657347647620
13277657347647620
55182468123764981
00390000361287360
cd000000897634341
00ff0000000000000
00000000875615670
